image_width: 640
image_height: 480
camera_name: usb_cam
camera_matrix:
  rows: 3
  cols: 3
  data: [2237.267113159054, 0.0, 772.3450581460436, 0.0, 2322.947021230284, 607.8038467098727, 0.0, 0.0, 1.0]
distortion_model: plumb_bob
distortion_coefficients:
  rows: 1
  cols: 5
  data: [-1.385286352451088, 2.424972436166856, 0.0138624749476627, -0.01439583525814325, -2.499253079608153]
rectification_matrix:
  rows: 0
  cols: 0
  data: []
projection_matrix:
  rows: 0
  cols: 0
  data: []
